3 0.707812 0.150000 0.015625 0.027778
3 0.685937 0.161111 0.015625 0.027778
3 0.217188 0.086111 0.015625 0.027778
3 0.192188 0.069444 0.015625 0.027778
4 0.926562 0.305556 0.015625 0.027778
4 0.232813 0.075000 0.015625 0.027778
4 0.670312 0.144444 0.015625 0.027778
5 0.435937 0.500000 0.015625 0.027778
5 0.450000 0.147222 0.015625 0.027778
5 0.579688 0.250000 0.015625 0.027778
5 0.312500 0.211111 0.015625 0.027778
5 0.445312 0.227778 0.015625 0.027778
1 0.454688 0.059722 0.040625 0.119444
1 0.037500 0.133333 0.075000 0.066667
1 0.745313 0.138889 0.053125 0.172222
1 0.407031 0.213889 0.079687 0.238889
2 0.575781 0.066667 0.023438 0.127778
2 0.336719 0.050000 0.014063 0.094444
0 0.442188 0.125000 0.015625 0.033333