3 0.112500 0.133333 0.015625 0.027778
3 0.131250 0.150000 0.015625 0.027778
3 0.626563 0.202778 0.015625 0.027778
3 0.604688 0.213889 0.015625 0.027778
4 0.159375 0.136111 0.015625 0.027778
4 0.587500 0.200000 0.015625 0.027778
4 0.817187 0.336111 0.015625 0.027778
5 0.237500 0.275000 0.015625 0.027778
5 0.500000 0.302778 0.015625 0.027778
5 0.368750 0.550000 0.015625 0.027778
1 0.348438 0.240278 0.065625 0.291667
1 0.468750 0.195833 0.046875 0.169444
2 0.496875 0.094444 0.021875 0.188889
2 0.257812 0.080556 0.018750 0.161111
0 0.801562 0.708333 0.071875 0.127778