3 0.640625 0.191667 0.015625 0.027778
3 0.620313 0.205556 0.015625 0.027778
3 0.148438 0.133333 0.015625 0.027778
3 0.126562 0.116667 0.015625 0.027778
4 0.170313 0.122222 0.015625 0.027778
4 0.604688 0.186111 0.015625 0.027778
4 0.839063 0.330556 0.015625 0.027778
5 0.379688 0.536111 0.015625 0.027778
5 0.253125 0.255556 0.015625 0.027778
5 0.389062 0.275000 0.015625 0.027778
5 0.520312 0.291667 0.015625 0.027778
5 0.393750 0.194444 0.015625 0.027778
1 0.390625 0.087500 0.043750 0.152778
1 0.323437 0.126389 0.034375 0.147222
1 0.557813 0.290278 0.062500 0.302778
2 0.513281 0.088889 0.023438 0.177778
2 0.274219 0.075000 0.017188 0.150000
0 0.768750 0.766667 0.084375 0.138889