3 0.267188 0.222222 0.015625 0.027778
3 0.287500 0.241667 0.015625 0.027778
3 0.770312 0.325000 0.015625 0.027778
3 0.746875 0.333333 0.015625 0.027778
4 0.994531 0.488889 0.010937 0.027778
4 0.729688 0.316667 0.015625 0.027778
4 0.309375 0.233333 0.015625 0.027778
4 0.023438 0.291667 0.015625 0.027778
5 0.514062 0.305556 0.015625 0.027778
5 0.632812 0.413889 0.015625 0.027778
5 0.376563 0.363889 0.015625 0.027778
5 0.482812 0.658333 0.015625 0.027778
2 0.642969 0.150000 0.035937 0.300000
2 0.408594 0.126389 0.023438 0.252778
0 0.506250 0.366667 0.037500 0.072222