3 0.753125 0.311111 0.015625 0.027778
3 0.729688 0.325000 0.015625 0.027778
3 0.271875 0.241667 0.015625 0.027778
3 0.257812 0.225000 0.015625 0.027778
4 0.017188 0.286111 0.015625 0.027778
4 0.976562 0.475000 0.015625 0.027778
4 0.715625 0.311111 0.015625 0.027778
4 0.295312 0.230556 0.015625 0.027778
5 0.500000 0.305556 0.015625 0.027778
5 0.371875 0.358333 0.015625 0.027778
5 0.478125 0.636111 0.015625 0.027778
1 0.593750 0.379167 0.078125 0.219444
2 0.625000 0.150000 0.031250 0.283333
2 0.393750 0.126389 0.018750 0.252778
0 0.501563 0.361111 0.037500 0.072222