3 0.548438 0.344444 0.015625 0.027778
3 0.570312 0.361111 0.015625 0.027778
3 0.090625 0.469444 0.015625 0.027778
3 0.005469 0.463889 0.010937 0.027778
4 0.520312 0.350000 0.015625 0.027778
4 0.065625 0.447222 0.015625 0.027778
4 0.134375 0.677778 0.015625 0.027778
4 0.909375 0.372222 0.015625 0.027778
5 0.770312 0.433333 0.015625 0.027778
5 0.601562 0.500000 0.015625 0.027778
5 0.448437 0.416667 0.015625 0.027778
2 0.432812 0.219444 0.021875 0.316667
2 0.185156 0.231944 0.042188 0.391667
0 0.693750 0.438889 0.040625 0.066667