4 0.535937 0.225000 0.015625 0.020833
5 0.681250 0.327083 0.015625 0.020833
5 0.492188 0.320833 0.015625 0.020833
5 0.293750 0.314583 0.015625 0.020833
3 0.046875 0.202083 0.015625 0.020833
3 0.543750 0.229167 0.015625 0.020833
3 0.726562 0.231250 0.015625 0.020833
2 0.500781 0.159375 0.023438 0.127083
1 0.341406 0.244792 0.142187 0.056250
0 0.233594 0.259375 0.023438 0.031250
1 0.392969 0.182292 0.045312 0.118750
1 0.368750 0.231250 0.087500 0.250000
1 0.238281 0.197917 0.067187 0.162500
1 0.438281 0.182292 0.060937 0.110417
1 0.664844 0.219792 0.048438 0.172917