4 0.656250 0.060417 0.015625 0.020833
4 0.392188 0.050000 0.015625 0.020833
5 0.532813 0.072917 0.015625 0.020833
5 0.787500 0.168750 0.015625 0.020833
5 0.392188 0.154167 0.015625 0.020833
3 0.660937 0.072917 0.015625 0.020833
3 0.389062 0.062500 0.015625 0.020833
3 0.167187 0.045833 0.015625 0.020833
0 0.415625 0.096875 0.028125 0.035417
1 0.835156 0.070833 0.067187 0.141667
1 0.900000 0.195833 0.200000 0.108333
1 0.514062 0.030208 0.043750 0.060417
1 0.457031 0.065625 0.073438 0.131250
1 0.609375 0.091667 0.109375 0.183333