4 0.654687 0.143750 0.015625 0.020833
5 0.817187 0.260417 0.015625 0.020833
5 0.625000 0.250000 0.015625 0.020833
5 0.414062 0.235417 0.015625 0.020833
3 0.167187 0.112500 0.015625 0.020833
3 0.659375 0.152083 0.015625 0.020833
3 0.853125 0.158333 0.015625 0.020833
2 0.625781 0.075000 0.026562 0.141667
2 0.452344 0.064583 0.020313 0.125000
1 0.804688 0.158333 0.075000 0.212500
1 0.548438 0.100000 0.056250 0.120833
1 0.412500 0.117708 0.068750 0.197917
1 0.165625 0.192708 0.196875 0.135417
1 0.103906 0.107292 0.101562 0.202083