4 0.831250 0.400000 0.015625 0.020833
4 0.309375 0.389583 0.015625 0.020833
5 0.509375 0.454167 0.015625 0.020833
5 0.154688 0.504167 0.015625 0.020833
5 0.348438 0.481250 0.015625 0.020833
3 0.320312 0.400000 0.015625 0.020833
2 0.094531 0.316667 0.017188 0.083333
2 0.269531 0.336458 0.029687 0.131250
1 0.037500 0.443750 0.075000 0.287500
1 0.047656 0.372917 0.039062 0.100000
1 0.124219 0.392708 0.064062 0.164583
1 0.466406 0.343750 0.032813 0.091667
1 0.517969 0.368750 0.067187 0.154167
1 0.702344 0.378125 0.082812 0.210417