5 0.400000 0.283333 0.015625 0.020833
5 0.685937 0.356250 0.015625 0.020833
5 0.332813 0.362500 0.015625 0.020833
3 0.006250 0.277083 0.012500 0.020833
3 0.504687 0.275000 0.015625 0.020833
2 0.468750 0.212500 0.018750 0.133333
2 0.307031 0.210417 0.020313 0.133333
1 0.596875 0.265625 0.062500 0.139583
1 0.582812 0.222917 0.040625 0.066667
1 0.676562 0.262500 0.062500 0.145833
1 0.521875 0.277083 0.093750 0.200000
1 0.425781 0.231250 0.048438 0.091667
1 0.363281 0.241667 0.067187 0.129167
1 0.253906 0.289583 0.129688 0.250000