5 0.490625 0.287500 0.015625 0.020833
5 0.425000 0.364583 0.015625 0.020833
5 0.782813 0.356250 0.015625 0.020833
3 0.118750 0.281250 0.015625 0.020833
3 0.600000 0.272917 0.015625 0.020833
2 0.557813 0.213542 0.021875 0.139583
2 0.403906 0.214583 0.020313 0.133333
1 0.683594 0.263542 0.070312 0.164583
1 0.667969 0.212500 0.032813 0.087500
1 0.771094 0.257292 0.073438 0.168750
1 0.610938 0.278125 0.084375 0.210417
1 0.515625 0.233333 0.050000 0.095833
1 0.455469 0.245833 0.057813 0.129167
1 0.349219 0.289583 0.123438 0.250000