4 0.693750 0.277083 0.015625 0.020833
5 0.853125 0.383333 0.015625 0.020833
5 0.653125 0.375000 0.015625 0.020833
5 0.456250 0.364583 0.015625 0.020833
3 0.706250 0.287500 0.015625 0.020833
3 0.900000 0.287500 0.015625 0.020833
3 0.229687 0.258333 0.015625 0.020833
2 0.657813 0.210417 0.021875 0.137500
1 0.496875 0.298958 0.137500 0.085417
0 0.403125 0.311458 0.025000 0.035417
1 0.411719 0.250000 0.067187 0.170833
1 0.554688 0.220833 0.034375 0.095833
1 0.530469 0.285417 0.089063 0.250000
1 0.597656 0.236458 0.054688 0.110417
1 0.834375 0.275000 0.062500 0.183333