4 0.992188 0.333333 0.015625 0.020833
5 0.620313 0.352083 0.015625 0.020833
5 0.268750 0.368750 0.015625 0.020833
5 0.337500 0.281250 0.015625 0.020833
3 0.450000 0.275000 0.015625 0.020833
2 0.406250 0.209375 0.018750 0.131250
2 0.241406 0.204167 0.020313 0.137500
1 0.539062 0.264583 0.065625 0.150000
1 0.519531 0.218750 0.039062 0.070833
1 0.617188 0.260417 0.062500 0.150000
1 0.460938 0.276042 0.087500 0.202083
1 0.361719 0.232292 0.051562 0.085417
1 0.302344 0.243750 0.067187 0.125000
1 0.188281 0.285417 0.132812 0.266667