4 0.884375 0.447917 0.015625 0.020833
4 0.353125 0.445833 0.015625 0.020833
5 0.545312 0.502083 0.015625 0.020833
5 0.384375 0.529167 0.015625 0.020833
5 0.195312 0.560417 0.015625 0.020833
5 0.256250 0.475000 0.015625 0.020833
3 0.376563 0.452083 0.015625 0.020833
2 0.150781 0.408333 0.017188 0.133333
2 0.318750 0.393750 0.028125 0.125000
1 0.741406 0.422917 0.076563 0.204167
1 0.560156 0.420833 0.070312 0.145833
1 0.514844 0.402083 0.032813 0.091667
1 0.179688 0.451042 0.065625 0.156250
1 0.109375 0.440625 0.043750 0.097917
1 0.082031 0.503125 0.082812 0.256250