4 0.731250 0.075000 0.015625 0.020833
4 0.473438 0.043750 0.015625 0.020833
5 0.662500 0.177083 0.015625 0.020833
5 0.464062 0.150000 0.015625 0.020833
3 0.953125 0.106250 0.015625 0.020833
3 0.737500 0.087500 0.015625 0.020833
3 0.464062 0.050000 0.015625 0.020833
2 0.528125 0.027083 0.021875 0.054167
2 0.698438 0.039583 0.028125 0.079167
1 0.913281 0.479167 0.173437 0.920833
1 0.859375 0.098958 0.106250 0.193750
1 0.592187 0.081250 0.109375 0.162500
1 0.135156 0.064583 0.089063 0.129167
1 0.233594 0.083333 0.135937 0.166667